# Created by Octave 4.2.1, Thu Nov 23 16:10:04 2017 GMT <unknown@unknown>
# name: theta
# type: matrix
# rows: 9
# columns: 1
 11.21758932904079
 0.964208938217213
 0.3229663894135901
 0.7474282088232066
 0.144230462848442
 0.5558083453093521
 0.02028332275977434
 0.4186928867064614
 -0.0580042898832746


